array_0 =[[5,9,7,3,6,8,2,4,1,x,x,x]
[4,2,6,7,9,1,3,8,5,x,x,x]
[8,1,3,5,4,2,6,9,7,x,x,x]
[1,4,5,8,3,6,7,2,9,4,1,5]
[2,6,9,4,1,7,5,3,8,9,6,2]
[3,7,8,2,5,9,4,1,6,3,8,7]
[7,5,1,9,2,4,8,6,3,7,5,1]
[9,8,4,6,7,3,1,5,2,8,9,4]
[6,3,2,1,8,5,9,7,4,6,2,3]
[x,x,x,7,9,1,3,8,5,2,4,6]
[x,x,x,3,6,8,2,4,1,5,7,9]
[x,x,x,5,4,2,6,9,7,1,3,8]]

array_1 =[[2,4,1,9,7,6,3,5,8,x,x,x]
[6,7,3,5,1,8,4,9,2,x,x,x]
[9,8,5,3,4,2,6,7,1,x,x,x]
[1,5,7,6,8,9,2,3,4,1,5,7]
[3,6,2,4,5,7,1,8,9,2,3,6]
[8,9,4,1,2,3,5,6,7,4,8,9]
[4,1,6,8,9,5,7,2,3,6,1,4]
[5,2,8,7,3,4,9,1,6,5,2,8]
[7,3,9,2,6,1,8,4,5,7,9,3]
[x,x,x,9,4,6,3,5,1,8,7,2]
[x,x,x,3,1,8,4,7,2,9,6,5]
[x,x,x,5,7,2,6,9,8,3,4,1]]

array_2 =[[9,7,6,4,8,3,2,1,5,x,x,x]
[8,2,1,5,9,6,4,3,7,x,x,x]
[3,4,5,7,2,1,8,6,9,x,x,x]
[6,5,8,1,4,9,7,2,3,6,5,8]
[7,9,3,2,6,5,1,8,4,7,9,3]
[4,1,2,3,7,8,9,5,6,4,2,1]
[1,3,4,8,5,7,6,9,2,1,3,4]
[5,6,7,9,1,2,3,4,8,5,6,7]
[2,8,9,6,3,4,5,7,1,2,8,9]
[x,x,x,5,8,3,2,1,7,9,4,6]
[x,x,x,7,9,6,4,3,5,8,1,2]
[x,x,x,4,2,1,8,6,9,3,7,5]]

array_3 =[[6,1,4,7,2,8,3,5,9,x,x,x]
[7,3,5,4,1,9,6,2,8,x,x,x]
[8,2,9,6,3,5,1,7,4,x,x,x]
[3,5,1,9,6,2,8,4,7,3,1,5]
[2,7,6,5,8,4,9,3,1,6,2,7]
[9,4,8,3,7,1,5,6,2,8,4,9]
[1,6,7,2,9,3,4,8,5,7,6,1]
[5,9,2,8,4,6,7,1,3,9,5,2]
[4,8,3,1,5,7,2,9,6,4,3,8]
[x,x,x,6,1,8,3,5,9,2,7,4]
[x,x,x,7,3,9,1,2,4,5,8,6]
[x,x,x,4,2,5,6,7,8,1,9,3]]

array_4 =[[7,4,3,1,8,9,5,6,2,x,x,x]
[5,2,1,3,6,4,7,8,9,x,x,x]
[6,9,8,5,2,7,3,1,4,x,x,x]
[4,1,6,7,9,8,2,5,3,4,6,1]
[8,5,9,2,3,6,1,4,7,5,9,8]
[2,3,7,4,1,5,6,9,8,7,2,3]
[1,8,5,9,7,3,4,2,6,8,1,5]
[9,7,4,6,5,2,8,3,1,9,7,4]
[3,6,2,8,4,1,9,7,5,6,3,2]
[x,x,x,5,6,7,3,1,4,2,8,9]
[x,x,x,1,2,4,7,8,9,3,5,6]
[x,x,x,3,8,9,5,6,2,1,4,7]]

array_5 =[[3,5,6,9,7,8,1,2,4,x,x,x]
[4,9,8,6,1,2,7,3,5,x,x,x]
[7,1,2,4,3,5,9,8,6,x,x,x]
[2,6,7,3,8,9,4,5,1,2,6,7]
[5,8,9,1,2,4,6,7,3,5,8,9]
[1,3,4,5,6,7,8,9,2,1,3,4]
[6,4,5,8,9,3,2,1,7,4,5,6]
[9,2,1,7,5,6,3,4,8,9,2,1]
[8,7,3,2,4,1,5,6,9,8,7,3]
[x,x,x,6,3,5,1,2,4,7,9,8]
[x,x,x,9,1,8,7,3,5,6,4,2]
[x,x,x,4,7,2,9,8,6,3,1,5]]

array_6 =[[3,7,9,1,8,4,5,2,6,x,x,x]
[1,2,4,5,6,7,8,3,9,x,x,x]
[5,6,8,3,2,9,4,1,7,x,x,x]
[9,8,7,2,3,5,6,4,1,8,9,7]
[6,3,1,4,9,8,7,5,2,3,6,1]
[4,5,2,6,7,1,9,8,3,4,2,5]
[7,9,3,8,5,2,1,6,4,9,7,3]
[8,4,6,9,1,3,2,7,5,6,4,8]
[2,1,5,7,4,6,3,9,8,5,1,2]
[x,x,x,1,2,4,5,3,6,7,8,9]
[x,x,x,3,8,9,4,1,7,2,5,6]
[x,x,x,5,6,7,8,2,9,1,3,4]]

array_7 =[[6,7,8,4,3,9,1,2,5,x,x,x]
[4,1,2,6,5,7,9,8,3,x,x,x]
[3,9,5,8,2,1,7,4,6,x,x,x]
[9,5,6,3,8,4,2,1,7,6,9,5]
[7,2,1,5,9,6,4,3,8,7,1,2]
[8,4,3,1,7,2,6,5,9,3,4,8]
[2,8,9,7,4,5,3,6,1,2,8,9]
[5,6,7,2,1,3,8,9,4,5,6,7]
[1,3,4,9,6,8,5,7,2,1,3,4]
[x,x,x,8,2,7,1,4,3,9,5,6]
[x,x,x,6,3,9,7,8,5,4,2,1]
[x,x,x,4,5,1,9,2,6,8,7,3]]

array_8 =[[8,9,3,1,7,2,5,4,6,x,x,x]
[6,5,2,3,8,4,7,1,9,x,x,x]
[7,4,1,5,9,6,8,2,3,x,x,x]
[5,8,9,6,2,7,1,3,4,5,8,9]
[3,6,7,4,1,5,2,9,8,3,6,7]
[1,2,4,8,3,9,6,5,7,1,2,4]
[9,7,8,2,4,1,3,6,5,9,7,8]
[4,1,6,7,5,3,9,8,2,4,1,6]
[2,3,5,9,6,8,4,7,1,2,3,5]
[x,x,x,3,8,4,7,1,9,6,5,2]
[x,x,x,1,7,2,5,4,6,8,9,3]
[x,x,x,5,9,6,8,2,3,7,4,1]]

array_9 =[[9,6,5,2,1,3,4,8,7,x,x,x]
[7,3,1,6,4,8,5,2,9,x,x,x]
[8,2,4,7,5,9,3,1,6,x,x,x]
[5,1,2,4,6,7,9,3,8,5,1,2]
[4,9,8,5,3,2,7,6,1,4,9,8]
[6,7,3,9,8,1,2,4,5,6,7,3]
[1,5,6,3,7,4,8,9,2,1,5,6]
[2,4,7,8,9,6,1,5,3,2,4,7]
[3,8,9,1,2,5,6,7,4,3,8,9]
[x,x,x,6,5,3,4,8,9,7,2,1]
[x,x,x,7,1,9,5,2,6,8,3,4]
[x,x,x,2,4,8,3,1,7,9,6,5]]

array_10 =[[8,9,7,1,2,6,3,5,4,x,x,x]
[4,6,5,9,3,8,7,1,2,x,x,x]
[3,1,2,7,5,4,9,8,6,x,x,x]
[6,7,8,2,1,5,4,3,9,8,7,6]
[9,2,1,3,4,7,5,6,8,1,2,9]
[5,4,3,6,8,9,1,2,7,4,5,3]
[1,3,4,8,9,2,6,7,5,3,4,1]
[7,8,9,5,6,3,2,4,1,7,9,8]
[2,5,6,4,7,1,8,9,3,5,6,2]
[x,x,x,7,5,8,9,1,6,2,3,4]
[x,x,x,9,3,4,7,8,2,6,1,5]
[x,x,x,1,2,6,3,5,4,9,8,7]]

array_11 =[[1,2,7,9,8,4,5,3,6,x,x,x]
[5,4,8,6,3,2,7,1,9,x,x,x]
[6,3,9,7,5,1,4,2,8,x,x,x]
[3,7,2,8,9,6,1,5,4,7,3,2]
[8,1,4,2,7,5,9,6,3,4,8,1]
[9,5,6,4,1,3,2,8,7,9,5,6]
[2,6,5,3,4,7,8,9,1,2,6,5]
[4,9,3,1,2,8,6,7,5,3,9,4]
[7,8,1,5,6,9,3,4,2,1,7,8]
[x,x,x,9,8,1,7,2,6,5,4,3]
[x,x,x,6,5,2,4,3,9,8,1,7]
[x,x,x,7,3,4,5,1,8,6,2,9]]

array_12 =[[4,8,7,9,1,6,3,2,5,x,x,x]
[9,1,3,7,5,2,6,4,8,x,x,x]
[6,2,5,4,3,8,7,1,9,x,x,x]
[5,7,2,3,8,9,4,6,1,2,5,7]
[3,4,1,5,6,7,8,9,2,1,3,4]
[8,9,6,1,2,4,5,7,3,6,8,9]
[7,5,4,8,9,1,2,3,6,4,7,5]
[2,3,9,6,7,5,1,8,4,3,9,2]
[1,6,8,2,4,3,9,5,7,8,1,6]
[x,x,x,9,5,6,3,4,8,7,2,1]
[x,x,x,7,3,2,6,1,5,9,4,8]
[x,x,x,4,1,8,7,2,9,5,6,3]]

array_13 =[[3,4,5,1,8,9,7,2,6,x,x,x]
[2,1,7,6,4,5,8,3,9,x,x,x]
[9,8,6,3,2,7,5,1,4,x,x,x]
[4,2,3,7,9,8,6,5,1,3,2,4]
[6,7,1,4,5,3,9,8,2,6,7,1]
[8,5,9,2,1,6,4,7,3,5,9,8]
[5,3,8,9,6,1,2,4,7,8,5,3]
[1,9,2,5,7,4,3,6,8,9,1,2]
[7,6,4,8,3,2,1,9,5,7,4,6]
[x,x,x,1,2,5,8,3,9,4,6,7]
[x,x,x,6,8,9,7,2,4,1,3,5]
[x,x,x,3,4,7,5,1,6,2,8,9]]

array_14 =[[9,6,2,8,4,3,1,5,7,x,x,x]
[5,3,7,9,6,1,4,2,8,x,x,x]
[8,4,1,5,2,7,6,3,9,x,x,x]
[4,8,3,2,5,6,7,9,1,8,4,3]
[7,9,6,1,3,4,5,8,2,9,7,6]
[2,1,5,7,8,9,3,6,4,2,5,1]
[3,5,8,4,7,2,9,1,6,3,8,5]
[6,7,9,3,1,8,2,4,5,6,9,7]
[1,2,4,6,9,5,8,7,3,4,1,2]
[x,x,x,8,4,1,6,3,7,5,2,9]
[x,x,x,5,6,7,4,2,9,1,3,8]
[x,x,x,9,2,3,1,5,8,7,6,4]]

array_15 =[[2,6,4,1,7,9,3,5,8,x,x,x]
[5,1,3,2,6,8,4,7,9,x,x,x]
[7,9,8,3,4,5,2,1,6,x,x,x]
[9,4,2,7,1,6,8,3,5,4,9,2]
[8,3,1,4,5,2,9,6,7,3,1,8]
[6,5,7,8,9,3,1,2,4,5,6,7]
[3,2,6,9,8,7,5,4,1,6,2,3]
[1,7,9,5,3,4,6,8,2,9,7,1]
[4,8,5,6,2,1,7,9,3,8,5,4]
[x,x,x,2,7,9,3,5,8,1,4,6]
[x,x,x,1,6,8,4,7,9,2,3,5]
[x,x,x,3,4,5,2,1,6,7,8,9]]

array_16 =[[2,3,1,6,7,8,9,4,5,x,x,x]
[6,8,5,9,4,2,7,1,3,x,x,x]
[7,9,4,5,1,3,6,8,2,x,x,x]
[5,2,6,7,8,9,1,3,4,5,6,2]
[3,7,9,1,2,4,5,6,8,9,7,3]
[4,1,8,3,5,6,2,7,9,8,1,4]
[8,6,3,2,9,1,4,5,7,3,8,6]
[1,5,2,4,3,7,8,9,6,2,5,1]
[9,4,7,8,6,5,3,2,1,4,9,7]
[x,x,x,6,7,8,9,4,3,1,2,5]
[x,x,x,9,4,2,7,1,5,6,3,8]
[x,x,x,5,1,3,6,8,2,7,4,9]]

array_17 =[[8,7,9,1,2,5,6,3,4,x,x,x]
[2,5,6,3,4,7,1,8,9,x,x,x]
[4,3,1,8,6,9,2,5,7,x,x,x]
[3,2,7,4,5,6,8,9,1,3,2,7]
[6,9,8,2,3,1,4,7,5,9,8,6]
[5,1,4,9,7,8,3,6,2,5,1,4]
[7,4,2,5,8,3,9,1,6,7,4,2]
[9,8,5,6,1,2,7,4,3,8,9,5]
[1,6,3,7,9,4,5,2,8,1,6,3]
[x,x,x,8,6,9,2,3,7,4,5,1]
[x,x,x,3,2,5,1,8,4,6,7,9]
[x,x,x,1,4,7,6,5,9,2,3,8]]

array_18 =[[7,6,4,5,1,2,8,9,3,x,x,x]
[5,9,1,6,3,8,7,4,2,x,x,x]
[8,2,3,4,7,9,5,1,6,x,x,x]
[1,4,7,8,2,5,3,6,9,4,7,1]
[3,5,6,9,4,7,1,2,8,5,6,3]
[2,8,9,3,6,1,4,5,7,8,9,2]
[9,7,2,1,5,3,6,8,4,9,2,7]
[6,3,5,2,8,4,9,7,1,3,5,6]
[4,1,8,7,9,6,2,3,5,1,4,8]
[x,x,x,5,1,8,7,9,6,2,3,4]
[x,x,x,4,7,2,5,1,3,6,8,9]
[x,x,x,6,3,9,8,4,2,7,1,5]]

array_19 =[[9,6,4,8,5,2,1,3,7,x,x,x]
[7,8,2,1,3,6,5,4,9,x,x,x]
[5,1,3,7,4,9,2,8,6,x,x,x]
[1,4,5,6,7,3,8,9,2,4,5,1]
[2,3,9,5,8,4,6,7,1,3,9,2]
[6,7,8,2,9,1,4,5,3,6,7,8]
[3,5,1,9,6,8,7,2,4,5,1,3]
[4,2,7,3,1,5,9,6,8,7,2,4]
[8,9,6,4,2,7,3,1,5,9,8,6]
[x,x,x,7,4,9,2,8,6,1,3,5]
[x,x,x,8,5,6,1,3,9,2,4,7]
[x,x,x,1,3,2,5,4,7,8,6,9]]

array_20 =[[1,2,4,9,8,7,3,6,5,x,x,x]
[6,3,8,2,1,5,9,4,7,x,x,x]
[7,5,9,6,3,4,2,8,1,x,x,x]
[5,7,3,4,2,6,1,9,8,3,5,7]
[4,1,2,8,5,9,6,7,3,2,1,4]
[9,8,6,1,7,3,4,5,2,9,6,8]
[3,4,7,5,6,1,8,2,9,4,7,3]
[2,6,1,7,9,8,5,3,4,6,2,1]
[8,9,5,3,4,2,7,1,6,8,9,5]
[x,x,x,9,8,5,2,4,7,1,3,6]
[x,x,x,2,1,4,3,6,5,7,8,9]
[x,x,x,6,3,7,9,8,1,5,4,2]]

array_21 =[[5,9,8,4,3,6,2,7,1,x,x,x]
[4,7,1,9,5,2,3,8,6,x,x,x]
[2,6,3,7,1,8,5,9,4,x,x,x]
[6,1,7,3,8,9,4,2,5,1,6,7]
[3,2,4,5,6,7,8,1,9,2,3,4]
[8,5,9,1,2,4,6,3,7,5,8,9]
[7,3,6,8,9,5,1,4,2,3,7,6]
[1,4,2,6,7,3,9,5,8,4,1,2]
[9,8,5,2,4,1,7,6,3,8,9,5]
[x,x,x,4,3,6,2,7,1,9,5,8]
[x,x,x,9,5,2,3,8,6,7,4,1]
[x,x,x,7,1,8,5,9,4,6,2,3]]

array_22 =[[3,4,8,1,5,6,7,2,9,x,x,x]
[1,6,2,4,7,9,5,8,3,x,x,x]
[5,7,9,8,2,3,1,4,6,x,x,x]
[7,9,6,2,1,4,8,3,5,6,9,7]
[8,2,5,3,6,7,9,1,4,8,2,5]
[4,1,3,5,9,8,2,6,7,4,1,3]
[9,8,7,6,3,1,4,5,2,9,7,8]
[6,5,1,7,4,2,3,9,8,5,6,1]
[2,3,4,9,8,5,6,7,1,3,4,2]
[x,x,x,1,7,9,5,8,6,2,3,4]
[x,x,x,4,5,6,1,2,3,7,8,9]
[x,x,x,8,2,3,7,4,9,1,5,6]]

array_23 =[[3,1,4,9,5,6,8,7,2,x,x,x]
[5,2,6,7,8,1,9,4,3,x,x,x]
[8,7,9,4,3,2,5,6,1,x,x,x]
[4,5,2,6,1,7,3,8,9,5,2,4]
[6,9,3,5,4,8,1,2,7,9,3,6]
[7,8,1,2,9,3,4,5,6,7,1,8]
[2,3,5,8,6,9,7,1,4,3,5,2]
[9,6,8,1,7,4,2,3,5,8,6,9]
[1,4,7,3,2,5,6,9,8,1,4,7]
[x,x,x,9,3,1,8,4,2,6,7,5]
[x,x,x,4,5,6,9,7,3,2,8,1]
[x,x,x,7,8,2,5,6,1,4,9,3]]

array_24 =[[5,3,2,8,1,7,9,4,6,x,x,x]
[6,4,7,9,2,3,8,5,1,x,x,x]
[8,1,9,4,5,6,7,3,2,x,x,x]
[4,5,1,2,7,9,3,6,8,4,5,1]
[2,8,6,1,3,4,5,7,9,6,2,8]
[7,9,3,5,6,8,1,2,4,7,9,3]
[1,2,8,3,4,5,6,9,7,8,1,2]
[3,6,4,7,9,1,2,8,5,3,6,4]
[9,7,5,6,8,2,4,1,3,9,7,5]
[x,x,x,8,5,7,9,4,2,1,3,6]
[x,x,x,9,1,3,8,5,6,2,4,7]
[x,x,x,4,2,6,7,3,1,5,8,9]]

array_25 =[[2,5,1,6,9,8,7,3,4,x,x,x]
[3,8,6,7,4,2,9,5,1,x,x,x]
[4,9,7,3,1,5,6,8,2,x,x,x]
[5,2,8,9,7,1,4,6,3,8,5,2]
[1,4,3,5,2,6,8,9,7,1,4,3]
[6,7,9,4,8,3,2,1,5,9,7,6]
[9,6,2,1,3,4,5,7,8,6,2,9]
[7,3,4,8,5,9,1,2,6,4,3,7]
[8,1,5,2,6,7,3,4,9,5,1,8]
[x,x,x,7,4,8,9,3,1,2,6,5]
[x,x,x,6,9,2,7,5,4,3,8,1]
[x,x,x,3,1,5,6,8,2,7,9,4]]

array_26 =[[8,3,7,5,4,2,9,6,1,x,x,x]
[9,4,2,6,8,1,5,7,3,x,x,x]
[5,1,6,7,9,3,4,2,8,x,x,x]
[4,5,8,1,7,9,2,3,6,4,8,5]
[1,2,3,4,6,5,7,8,9,3,2,1]
[6,7,9,2,3,8,1,4,5,7,9,6]
[2,6,5,8,1,4,3,9,7,6,5,2]
[3,8,1,9,2,7,6,5,4,8,1,3]
[7,9,4,3,5,6,8,1,2,9,7,4]
[x,x,x,5,4,1,9,6,8,2,3,7]
[x,x,x,6,8,2,5,7,3,1,4,9]
[x,x,x,7,9,3,4,2,1,5,6,8]]

array_27 =[[8,3,5,1,2,4,9,6,7,x,x,x]
[9,7,4,3,6,5,2,8,1,x,x,x]
[6,2,1,7,8,9,3,5,4,x,x,x]
[3,4,6,2,7,1,8,9,5,4,6,3]
[2,5,7,8,9,6,1,4,3,5,7,2]
[1,8,9,4,5,3,6,7,2,8,9,1]
[5,9,2,6,3,7,4,1,8,2,5,9]
[7,1,3,9,4,8,5,2,6,3,1,7]
[4,6,8,5,1,2,7,3,9,6,8,4]
[x,x,x,1,6,4,3,5,7,9,2,8]
[x,x,x,7,8,9,2,6,4,1,3,5]
[x,x,x,3,2,5,9,8,1,7,4,6]]

array_28 =[[1,4,5,8,2,6,7,3,9,x,x,x]
[7,8,9,5,1,3,2,4,6,x,x,x]
[6,2,3,9,4,7,1,8,5,x,x,x]
[3,1,2,6,7,5,4,9,8,1,2,3]
[4,7,6,1,8,9,3,5,2,4,7,6]
[9,5,8,2,3,4,6,7,1,5,9,8]
[5,6,4,7,9,1,8,2,3,6,5,4]
[2,3,1,4,5,8,9,6,7,2,3,1]
[8,9,7,3,6,2,5,1,4,7,8,9]
[x,x,x,9,1,7,2,3,6,8,4,5]
[x,x,x,5,4,6,7,8,9,3,1,2]
[x,x,x,8,2,3,1,4,5,9,6,7]]

array_29 =[[8,9,2,5,3,1,7,6,4,x,x,x]
[5,1,4,9,7,6,2,3,8,x,x,x]
[6,7,3,4,2,8,5,1,9,x,x,x]
[3,8,9,1,4,2,6,7,5,3,8,9]
[1,5,7,6,8,3,4,9,2,1,5,7]
[2,4,6,7,9,5,3,8,1,2,4,6]
[4,3,8,2,1,7,9,5,6,4,3,8]
[9,6,1,3,5,4,8,2,7,6,9,1]
[7,2,5,8,6,9,1,4,3,5,7,2]
[x,x,x,4,7,6,5,1,8,9,2,3]
[x,x,x,9,2,1,7,3,4,8,6,5]
[x,x,x,5,3,8,2,6,9,7,1,4]]

array_30 =[[6,4,2,1,3,7,5,9,8,x,x,x]
[9,3,5,2,4,8,6,1,7,x,x,x]
[8,7,1,6,5,9,4,3,2,x,x,x]
[7,1,4,5,6,2,3,8,9,1,4,7]
[2,5,6,8,9,3,1,7,4,5,6,2]
[3,9,8,4,7,1,2,5,6,9,8,3]
[4,6,7,9,1,5,8,2,3,6,7,4]
[1,2,3,7,8,6,9,4,5,2,3,1]
[5,8,9,3,2,4,7,6,1,8,9,5]
[x,x,x,2,4,7,5,9,8,3,1,6]
[x,x,x,1,5,9,6,3,7,4,2,8]
[x,x,x,6,3,8,4,1,2,7,5,9]]

array_31 =[[4,3,5,6,2,9,7,1,8,x,x,x]
[2,1,9,8,3,7,4,5,6,x,x,x]
[6,8,7,4,1,5,2,3,9,x,x,x]
[5,6,8,7,9,1,3,4,2,5,6,8]
[1,2,3,5,6,4,8,9,7,1,2,3]
[7,9,4,3,8,2,5,6,1,4,7,9]
[8,5,1,2,4,6,9,7,3,8,1,5]
[3,4,6,9,7,8,1,2,5,3,4,6]
[9,7,2,1,5,3,6,8,4,2,9,7]
[x,x,x,8,3,9,2,1,6,7,5,4]
[x,x,x,6,2,7,4,5,8,9,3,1]
[x,x,x,4,1,5,7,3,9,6,8,2]]

array_32 =[[7,8,3,4,6,1,2,5,9,x,x,x]
[1,2,4,3,5,9,6,7,8,x,x,x]
[6,9,5,7,8,2,1,3,4,x,x,x]
[9,4,8,1,2,3,5,6,7,8,4,9]
[2,5,1,6,7,4,8,9,3,2,1,5]
[3,7,6,8,9,5,4,1,2,6,3,7]
[4,3,9,2,1,6,7,8,5,3,9,4]
[8,1,2,5,3,7,9,4,6,1,2,8]
[5,6,7,9,4,8,3,2,1,7,5,6]
[x,x,x,4,8,1,6,3,9,5,7,2]
[x,x,x,7,6,2,1,5,4,9,8,3]
[x,x,x,3,5,9,2,7,8,4,6,1]]

array_33 =[[9,1,6,7,4,3,2,8,5,x,x,x]
[4,5,8,6,2,1,7,9,3,x,x,x]
[2,3,7,8,9,5,4,6,1,x,x,x]
[8,9,2,1,3,4,6,5,7,8,2,9]
[3,4,1,5,6,7,8,2,9,3,1,4]
[6,7,5,2,8,9,3,1,4,6,5,7]
[1,2,4,3,5,6,9,7,8,1,4,2]
[5,6,3,9,7,8,1,4,2,5,3,6]
[7,8,9,4,1,2,5,3,6,7,9,8]
[x,x,x,6,2,1,7,9,3,4,8,5]
[x,x,x,7,4,3,2,8,5,9,6,1]
[x,x,x,8,9,5,4,6,1,2,7,3]]

array_34 =[[5,7,3,9,1,2,8,6,4,x,x,x]
[1,6,2,4,5,8,9,3,7,x,x,x]
[9,8,4,3,6,7,1,5,2,x,x,x]
[7,9,6,1,3,4,5,2,8,6,7,9]
[3,4,8,5,2,6,7,1,9,3,4,8]
[2,5,1,8,7,9,3,4,6,1,2,5]
[8,3,7,2,4,1,6,9,5,7,8,3]
[4,1,9,6,8,5,2,7,3,4,9,1]
[6,2,5,7,9,3,4,8,1,2,5,6]
[x,x,x,9,5,7,1,6,2,8,3,4]
[x,x,x,4,6,8,9,3,7,5,1,2]
[x,x,x,3,1,2,8,5,4,9,6,7]]

array_35 =[[1,2,4,5,6,3,8,7,9,x,x,x]
[3,8,9,4,7,1,5,2,6,x,x,x]
[5,6,7,8,9,2,3,1,4,x,x,x]
[2,4,5,7,8,6,9,3,1,2,4,5]
[7,9,8,1,3,5,6,4,2,8,7,9]
[6,1,3,9,2,4,7,5,8,3,1,6]
[8,7,1,2,5,9,4,6,3,1,8,7]
[9,3,2,6,4,7,1,8,5,9,3,2]
[4,5,6,3,1,8,2,9,7,6,5,4]
[x,x,x,4,6,1,3,7,9,5,2,8]
[x,x,x,5,7,2,8,1,6,4,9,3]
[x,x,x,8,9,3,5,2,4,7,6,1]]

array_36 =[[6,9,8,3,1,2,5,4,7,x,x,x]
[3,5,1,4,7,6,2,9,8,x,x,x]
[7,2,4,5,9,8,6,3,1,x,x,x]
[8,7,9,6,4,5,1,2,3,7,9,8]
[2,1,3,7,8,9,4,5,6,2,1,3]
[4,6,5,1,2,3,7,8,9,5,4,6]
[9,4,7,2,3,1,8,6,5,9,7,4]
[1,3,6,8,5,4,9,7,2,3,6,1]
[5,8,2,9,6,7,3,1,4,8,2,5]
[x,x,x,4,9,6,2,3,8,1,5,7]
[x,x,x,3,1,2,5,4,7,6,8,9]
[x,x,x,5,7,8,6,9,1,4,3,2]]

array_37 =[[8,2,3,7,4,5,1,9,6,x,x,x]
[5,6,9,1,2,3,8,7,4,x,x,x]
[1,4,7,9,6,8,5,2,3,x,x,x]
[9,8,6,2,5,1,3,4,7,9,6,8]
[7,1,4,3,8,6,2,5,9,7,4,1]
[3,5,2,4,9,7,6,8,1,5,3,2]
[6,9,8,5,3,4,7,1,2,8,9,6]
[4,7,5,6,1,2,9,3,8,4,7,5]
[2,3,1,8,7,9,4,6,5,2,1,3]
[x,x,x,9,6,8,5,7,3,1,2,4]
[x,x,x,7,4,5,1,2,6,3,8,9]
[x,x,x,1,2,3,8,9,4,6,5,7]]

array_38 =[[9,5,4,3,1,2,6,7,8,x,x,x]
[8,1,2,7,6,4,3,9,5,x,x,x]
[7,3,6,9,8,5,2,1,4,x,x,x]
[3,7,1,4,9,6,8,5,2,3,1,7]
[2,4,8,5,7,1,9,3,6,4,2,8]
[6,9,5,2,3,8,7,4,1,5,6,9]
[1,2,3,6,4,7,5,8,9,2,3,1]
[5,8,9,1,2,3,4,6,7,8,9,5]
[4,6,7,8,5,9,1,2,3,6,7,4]
[x,x,x,7,6,5,2,9,8,1,4,3]
[x,x,x,9,8,2,3,1,4,7,5,6]
[x,x,x,3,1,4,6,7,5,9,8,2]]

array_39 =[[1,8,6,5,7,4,9,3,2,x,x,x]
[2,4,5,8,9,3,6,7,1,x,x,x]
[3,7,9,1,2,6,4,5,8,x,x,x]
[8,6,3,2,1,7,5,9,4,6,8,3]
[9,5,1,4,3,8,7,2,6,9,1,5]
[4,2,7,6,5,9,8,1,3,2,7,4]
[5,1,4,9,8,2,3,6,7,4,5,1]
[7,9,8,3,6,1,2,4,5,7,9,8]
[6,3,2,7,4,5,1,8,9,3,6,2]
[x,x,x,1,2,3,9,7,8,5,4,6]
[x,x,x,5,7,4,6,3,1,8,2,9]
[x,x,x,8,9,6,4,5,2,1,3,7]]

array_40 =[[3,6,8,2,9,1,5,7,4,x,x,x]
[1,2,4,7,5,3,8,9,6,x,x,x]
[5,7,9,4,8,6,2,1,3,x,x,x]
[8,5,2,6,4,7,1,3,9,2,5,8]
[6,9,7,3,1,5,4,2,8,6,7,9]
[4,1,3,8,2,9,6,5,7,4,1,3]
[2,3,1,9,6,8,7,4,5,1,3,2]
[7,4,6,5,3,2,9,8,1,7,6,4]
[9,8,5,1,7,4,3,6,2,9,8,5]
[x,x,x,7,8,1,5,9,4,3,2,6]
[x,x,x,2,9,3,8,1,6,5,4,7]
[x,x,x,4,5,6,2,7,3,8,9,1]]

array_41 =[[9,8,2,5,6,4,7,3,1,x,x,x]
[6,7,5,9,1,3,8,4,2,x,x,x]
[3,1,4,2,8,7,9,5,6,x,x,x]
[8,9,6,1,3,5,2,7,4,8,9,6]
[5,2,1,7,4,9,3,6,8,5,2,1]
[7,4,3,6,2,8,5,1,9,7,4,3]
[4,5,7,8,9,6,1,2,3,4,5,7]
[2,6,9,3,7,1,4,8,5,2,6,9]
[1,3,8,4,5,2,6,9,7,1,3,8]
[x,x,x,5,6,4,7,3,1,9,8,2]
[x,x,x,9,1,3,8,4,2,6,7,5]
[x,x,x,2,8,7,9,5,6,3,1,4]]

array_42 =[[3,1,5,2,6,7,4,9,8,x,x,x]
[6,2,4,5,8,9,7,1,3,x,x,x]
[7,9,8,1,4,3,5,2,6,x,x,x]
[4,7,9,6,5,1,8,3,2,7,9,4]
[5,8,6,9,3,2,1,4,7,5,8,6]
[2,3,1,8,7,4,6,5,9,3,2,1]
[8,6,2,3,1,5,9,7,4,8,6,2]
[9,5,7,4,2,6,3,8,1,9,5,7]
[1,4,3,7,9,8,2,6,5,4,1,3]
[x,x,x,1,4,9,5,2,3,6,7,8]
[x,x,x,2,6,3,7,9,8,1,4,5]
[x,x,x,5,8,7,4,1,6,2,3,9]]

array_43 =[[8,5,1,9,7,4,3,2,6,x,x,x]
[7,4,6,8,2,3,5,1,9,x,x,x]
[9,2,3,1,6,5,7,4,8,x,x,x]
[5,7,8,2,4,6,9,3,1,5,7,8]
[3,9,4,7,1,8,6,5,2,3,9,4]
[6,1,2,5,3,9,8,7,4,6,1,2]
[4,6,7,3,9,1,2,8,5,4,6,7]
[1,3,5,6,8,2,4,9,7,1,3,5]
[2,8,9,4,5,7,1,6,3,2,8,9]
[x,x,x,1,2,3,7,4,8,9,5,6]
[x,x,x,8,6,4,5,1,9,7,2,3]
[x,x,x,9,7,5,3,2,6,8,4,1]]

array_44 =[[7,9,6,5,8,4,1,2,3,x,x,x]
[8,2,3,7,9,1,6,4,5,x,x,x]
[1,4,5,3,6,2,9,7,8,x,x,x]
[9,8,7,6,4,3,2,5,1,9,8,7]
[4,5,2,9,1,7,3,8,6,4,5,2]
[6,3,1,8,2,5,4,9,7,6,3,1]
[2,6,8,1,7,9,5,3,4,2,6,8]
[3,1,4,2,5,8,7,6,9,3,1,4]
[5,7,9,4,3,6,8,1,2,5,7,9]
[x,x,x,7,9,1,6,4,5,8,2,3]
[x,x,x,3,6,2,9,7,8,1,4,5]
[x,x,x,5,8,4,1,2,3,7,9,6]]

array_45 =[[9,6,5,1,2,4,8,7,3,x,x,x]
[8,3,4,5,7,6,9,2,1,x,x,x]
[7,2,1,8,3,9,5,6,4,x,x,x]
[4,1,2,3,5,8,6,9,7,1,4,2]
[5,8,3,6,9,7,4,1,2,8,5,3]
[6,9,7,4,1,2,3,5,8,9,6,7]
[1,7,8,9,6,3,2,4,5,7,1,8]
[3,5,6,2,4,1,7,8,9,5,3,6]
[2,4,9,7,8,5,1,3,6,4,2,9]
[x,x,x,5,2,6,9,7,1,3,8,4]
[x,x,x,8,3,9,5,6,4,2,7,1]
[x,x,x,1,7,4,8,2,3,6,9,5]]

array_46 =[[7,9,1,8,2,5,3,4,6,x,x,x]
[5,6,2,4,1,3,7,8,9,x,x,x]
[4,8,3,9,6,7,1,2,5,x,x,x]
[9,3,8,1,4,6,2,5,7,9,3,8]
[1,7,4,2,5,8,6,9,3,4,1,7]
[6,2,5,3,7,9,4,1,8,6,2,5]
[8,4,7,5,3,1,9,6,2,7,8,4]
[3,1,9,6,8,2,5,7,4,1,9,3]
[2,5,6,7,9,4,8,3,1,5,6,2]
[x,x,x,4,1,3,7,2,6,8,5,9]
[x,x,x,8,2,5,1,4,9,3,7,6]
[x,x,x,9,6,7,3,8,5,2,4,1]]

array_47 =[[9,3,5,6,4,8,7,2,1,x,x,x]
[6,7,1,5,2,9,8,3,4,x,x,x]
[4,8,2,7,3,1,9,5,6,x,x,x]
[2,6,7,8,9,3,1,4,5,6,7,2]
[3,4,9,1,7,5,2,6,8,3,9,4]
[1,5,8,4,6,2,3,7,9,8,5,1]
[7,9,4,3,1,6,5,8,2,7,4,9]
[8,1,3,2,5,4,6,9,7,1,8,3]
[5,2,6,9,8,7,4,1,3,2,6,5]
[x,x,x,7,3,8,9,5,1,4,2,6]
[x,x,x,6,2,9,8,3,4,5,1,7]
[x,x,x,5,4,1,7,2,6,9,3,8]]

array_48 =[[2,5,3,6,7,9,8,1,4,x,x,x]
[7,9,1,3,4,8,6,2,5,x,x,x]
[8,6,4,1,2,5,9,3,7,x,x,x]
[1,2,7,8,9,4,5,6,3,7,1,2]
[4,3,5,2,1,6,7,9,8,3,5,4]
[6,8,9,5,3,7,2,4,1,6,9,8]
[5,1,2,9,8,3,4,7,6,5,2,1]
[3,4,8,7,6,2,1,5,9,8,4,3]
[9,7,6,4,5,1,3,8,2,9,7,6]
[x,x,x,6,7,9,8,2,4,1,3,5]
[x,x,x,3,4,5,6,1,7,2,8,9]
[x,x,x,1,2,8,9,3,5,4,6,7]]

array_49 =[[9,5,6,4,8,7,2,1,3,x,x,x]
[7,3,1,2,9,6,4,5,8,x,x,x]
[8,2,4,5,3,1,7,6,9,x,x,x]
[4,1,7,9,6,3,8,2,5,7,1,4]
[5,8,2,7,1,4,9,3,6,8,5,2]
[6,9,3,8,5,2,1,4,7,9,3,6]
[1,6,8,3,4,9,5,7,2,1,6,8]
[3,7,9,1,2,5,6,8,4,3,7,9]
[2,4,5,6,7,8,3,9,1,2,4,5]
[x,x,x,4,3,6,2,1,8,5,9,7]
[x,x,x,2,9,7,4,5,3,6,8,1]
[x,x,x,5,8,1,7,6,9,4,2,3]]

array_50 =[[8,5,4,2,1,3,7,9,6,x,x,x]
[9,3,6,4,5,7,8,1,2,x,x,x]
[7,2,1,9,6,8,4,5,3,x,x,x]
[4,1,2,5,3,9,6,7,8,4,1,2]
[6,7,8,1,2,4,9,3,5,6,7,8]
[5,9,3,7,8,6,2,4,1,5,9,3]
[2,8,9,3,4,1,5,6,7,2,8,9]
[1,4,5,6,7,2,3,8,9,1,4,5]
[3,6,7,8,9,5,1,2,4,3,6,7]
[x,x,x,2,1,3,7,9,6,8,5,4]
[x,x,x,4,5,7,8,1,3,9,2,6]
[x,x,x,9,6,8,4,5,2,7,3,1]]

array_51 =[[9,6,4,5,2,1,8,7,3,x,x,x]
[7,2,1,8,3,4,9,6,5,x,x,x]
[8,5,3,9,6,7,2,4,1,x,x,x]
[3,8,2,4,1,5,6,9,7,3,8,2]
[4,9,6,7,8,3,5,1,2,4,9,6]
[5,1,7,6,9,2,4,3,8,5,1,7]
[1,4,8,2,7,9,3,5,6,1,4,8]
[2,3,5,1,4,6,7,8,9,2,3,5]
[6,7,9,3,5,8,1,2,4,6,7,9]
[x,x,x,8,3,4,9,6,5,7,2,1]
[x,x,x,9,6,7,2,4,1,8,5,3]
[x,x,x,5,2,1,8,7,3,9,6,4]]

array_52 =[[8,1,7,4,3,5,9,2,6,x,x,x]
[2,4,3,9,8,6,5,7,1,x,x,x]
[5,6,9,1,2,7,3,8,4,x,x,x]
[9,3,6,5,4,8,7,1,2,9,6,3]
[7,8,4,2,1,3,6,5,9,8,4,7]
[1,2,5,7,6,9,8,4,3,2,5,1]
[4,9,8,3,5,1,2,6,7,4,8,9]
[3,5,1,6,7,2,4,9,8,1,3,5]
[6,7,2,8,9,4,1,3,5,6,7,2]
[x,x,x,1,2,6,5,7,4,3,9,8]
[x,x,x,4,3,5,9,8,1,7,2,6]
[x,x,x,9,8,7,3,2,6,5,1,4]]

array_53 =[[9,7,6,2,3,8,1,4,5,x,x,x]
[5,4,3,7,9,1,2,8,6,x,x,x]
[8,2,1,5,6,4,3,9,7,x,x,x]
[3,6,7,9,4,2,8,5,1,6,3,7]
[4,8,9,6,1,5,7,3,2,9,8,4]
[1,5,2,3,8,7,9,6,4,2,5,1]
[7,9,5,8,2,6,4,1,3,7,9,5]
[6,3,4,1,7,9,5,2,8,4,6,3]
[2,1,8,4,5,3,6,7,9,8,1,2]
[x,x,x,7,9,1,2,8,5,3,4,6]
[x,x,x,2,3,8,1,4,6,5,7,9]
[x,x,x,5,6,4,3,9,7,1,2,8]]

array_54 =[[6,8,9,4,7,2,3,1,5,x,x,x]
[2,3,4,5,6,1,8,7,9,x,x,x]
[1,5,7,8,9,3,4,2,6,x,x,x]
[9,4,5,7,1,8,2,6,3,9,5,4]
[3,7,6,2,4,9,5,8,1,7,3,6]
[8,2,1,3,5,6,7,9,4,8,1,2]
[5,6,8,9,3,7,1,4,2,6,8,5]
[7,9,3,1,2,4,6,5,8,3,9,7]
[4,1,2,6,8,5,9,3,7,2,4,1]
[x,x,x,4,7,2,3,1,9,5,6,8]
[x,x,x,8,6,3,4,2,5,1,7,9]
[x,x,x,5,9,1,8,7,6,4,2,3]]

array_55 =[[4,8,6,7,2,5,1,3,9,x,x,x]
[3,5,1,8,9,6,2,4,7,x,x,x]
[9,7,2,1,3,4,5,8,6,x,x,x]
[7,1,5,9,8,2,3,6,4,1,7,5]
[6,3,8,4,5,1,9,7,2,8,3,6]
[2,9,4,6,7,3,8,5,1,2,4,9]
[5,4,3,2,1,7,6,9,8,4,5,3]
[1,6,9,3,4,8,7,2,5,6,9,1]
[8,2,7,5,6,9,4,1,3,7,8,2]
[x,x,x,1,2,4,5,8,9,3,6,7]
[x,x,x,7,3,5,2,4,6,9,1,8]
[x,x,x,8,9,6,1,3,7,5,2,4]]

array_56 =[[3,5,6,1,2,4,9,7,8,x,x,x]
[4,9,8,7,3,5,2,6,1,x,x,x]
[7,1,2,9,8,6,5,4,3,x,x,x]
[6,4,3,2,1,7,8,9,5,3,4,6]
[9,2,5,3,4,8,6,1,7,9,2,5]
[8,7,1,6,5,9,4,3,2,8,7,1]
[1,3,4,5,6,2,7,8,9,1,3,4]
[2,8,9,4,7,1,3,5,6,2,8,9]
[5,6,7,8,9,3,1,2,4,5,6,7]
[x,x,x,1,2,4,5,6,3,7,9,8]
[x,x,x,7,3,5,9,4,8,6,1,2]
[x,x,x,9,8,6,2,7,1,4,5,3]]

array_57 =[[8,5,6,2,1,4,3,9,7,x,x,x]
[9,4,1,5,3,7,2,6,8,x,x,x]
[3,2,7,8,6,9,5,1,4,x,x,x]
[1,3,5,4,2,6,7,8,9,1,3,5]
[2,7,8,1,9,3,4,5,6,7,2,8]
[4,6,9,7,5,8,1,2,3,6,4,9]
[6,8,2,3,4,1,9,7,5,2,8,6]
[5,9,3,6,7,2,8,4,1,5,9,3]
[7,1,4,9,8,5,6,3,2,4,7,1]
[x,x,x,2,3,4,5,6,8,9,1,7]
[x,x,x,5,1,7,3,9,4,8,6,2]
[x,x,x,8,6,9,2,1,7,3,5,4]]

array_58 =[[3,4,8,5,9,7,6,1,2,x,x,x]
[6,1,9,8,3,2,7,5,4,x,x,x]
[2,5,7,6,1,4,9,8,3,x,x,x]
[5,9,2,3,4,6,1,7,8,5,2,9]
[4,6,1,7,8,9,2,3,5,1,4,6]
[7,8,3,1,2,5,4,6,9,3,7,8]
[1,2,5,9,7,8,3,4,6,2,1,5]
[8,3,4,2,6,1,5,9,7,4,8,3]
[9,7,6,4,5,3,8,2,1,6,9,7]
[x,x,x,8,9,4,6,5,2,7,3,1]
[x,x,x,6,3,7,9,1,4,8,5,2]
[x,x,x,5,1,2,7,8,3,9,6,4]]

array_59 =[[7,5,6,1,4,8,3,2,9,x,x,x]
[9,3,4,2,6,5,1,7,8,x,x,x]
[8,2,1,3,7,9,6,4,5,x,x,x]
[4,1,3,7,5,6,9,8,2,4,1,3]
[5,8,2,9,3,4,7,6,1,5,2,8]
[6,9,7,8,1,2,5,3,4,6,7,9]
[2,6,8,5,9,7,4,1,3,2,8,6]
[1,4,5,6,2,3,8,9,7,1,4,5]
[3,7,9,4,8,1,2,5,6,3,9,7]
[x,x,x,1,6,9,3,4,8,7,5,2]
[x,x,x,2,4,5,6,7,9,8,3,1]
[x,x,x,3,7,8,1,2,5,9,6,4]]

array_60 =[[8,5,4,6,3,9,2,1,7,x,x,x]
[6,7,1,5,8,2,3,4,9,x,x,x]
[9,2,3,1,7,4,6,8,5,x,x,x]
[4,9,8,3,5,6,7,2,1,9,8,4]
[5,6,2,4,1,7,9,3,8,5,6,2]
[1,3,7,9,2,8,5,6,4,7,3,1]
[3,4,5,7,6,1,8,9,2,3,4,5]
[7,8,9,2,4,3,1,5,6,8,9,7]
[2,1,6,8,9,5,4,7,3,2,1,6]
[x,x,x,1,3,9,2,4,5,6,7,8]
[x,x,x,6,8,2,3,1,7,4,5,9]
[x,x,x,5,7,4,6,8,9,1,2,3]]

array_61 =[[8,1,6,3,4,9,5,7,2,x,x,x]
[4,2,3,5,6,7,8,9,1,x,x,x]
[9,5,7,1,2,8,4,6,3,x,x,x]
[5,8,2,9,7,6,1,3,4,2,5,8]
[6,9,4,2,3,1,7,8,5,4,6,9]
[3,7,1,8,5,4,9,2,6,1,3,7]
[1,3,8,6,9,5,2,4,7,3,8,1]
[2,4,5,7,8,3,6,1,9,5,2,4]
[7,6,9,4,1,2,3,5,8,7,9,6]
[x,x,x,3,2,8,4,6,1,9,7,5]
[x,x,x,1,6,9,5,7,2,8,4,3]
[x,x,x,5,4,7,8,9,3,6,1,2]]

array_62 =[[4,6,8,3,2,7,9,5,1,x,x,x]
[3,1,5,9,4,8,6,7,2,x,x,x]
[9,7,2,6,5,1,8,4,3,x,x,x]
[8,5,3,1,6,2,7,9,4,3,5,8]
[6,9,1,4,7,3,5,2,8,6,9,1]
[7,2,4,8,9,5,3,1,6,4,7,2]
[2,3,7,5,1,6,4,8,9,2,3,7]
[1,4,6,7,8,9,2,3,5,1,4,6]
[5,8,9,2,3,4,1,6,7,5,8,9]
[x,x,x,6,4,8,9,5,2,7,1,3]
[x,x,x,9,5,1,6,7,3,8,2,4]
[x,x,x,3,2,7,8,4,1,9,6,5]]

array_63 =[[7,2,3,1,9,5,8,4,6,x,x,x]
[4,1,6,2,8,3,9,5,7,x,x,x]
[5,9,8,6,7,4,2,3,1,x,x,x]
[8,6,5,3,2,9,7,1,4,6,8,5]
[3,4,2,7,1,8,6,9,5,3,2,4]
[9,7,1,4,5,6,3,8,2,9,1,7]
[6,8,9,5,4,7,1,2,3,8,6,9]
[2,5,7,9,3,1,4,6,8,7,5,2]
[1,3,4,8,6,2,5,7,9,4,3,1]
[x,x,x,6,7,4,2,3,1,5,9,8]
[x,x,x,1,9,5,8,4,6,2,7,3]
[x,x,x,2,8,3,9,5,7,1,4,6]]

array_64 =[[1,4,6,9,5,2,8,3,7,x,x,x]
[7,8,9,4,3,1,5,6,2,x,x,x]
[2,3,5,8,6,7,1,4,9,x,x,x]
[4,2,1,6,8,3,9,7,5,1,4,2]
[5,7,3,2,9,4,6,1,8,7,5,3]
[9,6,8,1,7,5,3,2,4,9,8,6]
[3,5,4,7,1,9,2,8,6,5,3,4]
[8,1,2,5,4,6,7,9,3,8,2,1]
[6,9,7,3,2,8,4,5,1,6,9,7]
[x,x,x,4,3,7,8,6,9,2,1,5]
[x,x,x,9,5,2,1,4,7,3,6,8]
[x,x,x,8,6,1,5,3,2,4,7,9]]

array_65 =[[9,5,4,2,3,1,8,7,6,x,x,x]
[8,2,1,7,6,4,3,9,5,x,x,x]
[6,7,3,9,8,5,4,1,2,x,x,x]
[7,1,2,4,9,8,6,5,3,7,2,1]
[3,4,8,5,7,6,9,2,1,8,4,3]
[5,9,6,3,1,2,7,4,8,9,5,6]
[4,8,9,1,2,3,5,6,7,4,8,9]
[1,3,5,6,4,7,2,8,9,1,3,5]
[2,6,7,8,5,9,1,3,4,2,6,7]
[x,x,x,7,6,4,8,9,5,3,1,2]
[x,x,x,2,3,1,4,7,6,5,9,8]
[x,x,x,9,8,5,3,1,2,6,7,4]]

array_66 =[[4,8,1,7,2,3,6,5,9,x,x,x]
[7,5,3,9,6,4,1,2,8,x,x,x]
[6,9,2,5,1,8,3,4,7,x,x,x]
[2,3,8,4,7,5,9,1,6,2,8,3]
[1,7,5,8,9,6,2,3,4,5,7,1]
[9,4,6,2,3,1,7,8,5,9,4,6]
[8,2,9,1,5,7,4,6,3,8,2,9]
[5,6,7,3,4,2,8,9,1,6,5,7]
[3,1,4,6,8,9,5,7,2,3,1,4]
[x,x,x,5,1,3,6,4,8,7,9,2]
[x,x,x,7,2,4,3,5,9,1,6,8]
[x,x,x,9,6,8,1,2,7,4,3,5]]

array_67 =[[2,1,6,3,5,8,4,9,7,x,x,x]
[5,3,7,4,9,2,8,6,1,x,x,x]
[9,4,8,1,7,6,3,5,2,x,x,x]
[7,9,3,6,2,1,5,8,4,9,7,3]
[8,2,5,7,3,4,9,1,6,8,2,5]
[1,6,4,9,8,5,7,2,3,6,1,4]
[4,5,9,2,1,3,6,7,8,4,5,9]
[6,8,1,5,4,7,2,3,9,1,6,8]
[3,7,2,8,6,9,1,4,5,2,3,7]
[x,x,x,1,9,2,4,5,7,3,8,6]
[x,x,x,3,5,6,8,9,1,7,4,2]
[x,x,x,4,7,8,3,6,2,5,9,1]]

array_68 =[[9,3,7,2,1,6,4,8,5,x,x,x]
[2,6,5,7,8,4,9,1,3,x,x,x]
[4,8,1,5,3,9,6,7,2,x,x,x]
[3,4,8,9,5,7,2,6,1,8,3,4]
[5,7,6,1,2,8,3,9,4,6,7,5]
[1,2,9,6,4,3,7,5,8,2,9,1]
[8,9,3,4,7,1,5,2,6,3,8,9]
[7,1,2,3,6,5,8,4,9,1,2,7]
[6,5,4,8,9,2,1,3,7,4,5,6]
[x,x,x,2,1,4,9,8,5,7,6,3]
[x,x,x,5,3,6,4,7,2,9,1,8]
[x,x,x,7,8,9,6,1,3,5,4,2]]

array_69 =[[4,5,7,8,9,1,3,6,2,x,x,x]
[1,3,2,6,7,4,5,9,8,x,x,x]
[8,9,6,3,5,2,1,4,7,x,x,x]
[9,7,1,2,3,6,8,5,4,9,7,1]
[2,8,3,5,4,7,6,1,9,8,2,3]
[6,4,5,9,1,8,2,7,3,4,5,6]
[5,2,9,4,6,3,7,8,1,5,9,2]
[3,1,4,7,8,5,9,2,6,3,1,4]
[7,6,8,1,2,9,4,3,5,7,6,8]
[x,x,x,8,9,4,5,6,2,1,3,7]
[x,x,x,6,7,1,3,9,8,2,4,5]
[x,x,x,3,5,2,1,4,7,6,8,9]]

array_70 =[[2,3,1,4,6,5,7,8,9,x,x,x]
[6,8,4,7,9,1,2,3,5,x,x,x]
[7,9,5,3,8,2,1,4,6,x,x,x]
[9,7,3,2,1,6,4,5,8,7,3,9]
[4,6,8,5,3,7,9,2,1,8,4,6]
[1,5,2,8,4,9,6,7,3,2,1,5]
[3,1,7,6,5,4,8,9,2,3,7,1]
[8,4,9,1,2,3,5,6,7,9,8,4]
[5,2,6,9,7,8,3,1,4,6,5,2]
[x,x,x,7,9,1,2,3,5,4,6,8]
[x,x,x,3,8,2,1,4,6,5,9,7]
[x,x,x,4,6,5,7,8,9,1,2,3]]

array_71 =[[3,7,2,9,1,6,5,8,4,x,x,x]
[1,8,4,2,3,5,6,7,9,x,x,x]
[5,9,6,7,8,4,2,1,3,x,x,x]
[7,1,5,8,2,9,3,4,6,5,1,7]
[4,2,3,5,6,7,1,9,8,2,4,3]
[9,6,8,1,4,3,7,2,5,9,6,8]
[6,4,7,3,9,1,8,5,2,4,7,6]
[8,5,9,6,7,2,4,3,1,8,5,9]
[2,3,1,4,5,8,9,6,7,3,2,1]
[x,x,x,2,3,5,6,1,9,7,8,4]
[x,x,x,7,1,4,5,8,3,6,9,2]
[x,x,x,9,8,6,2,7,4,1,3,5]]

array_72 =[[1,8,9,4,7,2,3,5,6,x,x,x]
[2,3,4,5,6,1,7,8,9,x,x,x]
[5,6,7,8,9,3,1,2,4,x,x,x]
[3,5,6,1,2,4,9,7,8,3,5,6]
[4,9,8,7,3,5,2,6,1,4,8,9]
[7,1,2,9,8,6,5,4,3,1,2,7]
[6,4,3,2,1,7,8,9,5,6,3,4]
[9,2,5,3,4,8,6,1,7,2,9,5]
[8,7,1,6,5,9,4,3,2,7,1,8]
[x,x,x,4,6,1,3,5,9,8,7,2]
[x,x,x,5,7,2,1,8,4,9,6,3]
[x,x,x,8,9,3,7,2,6,5,4,1]]

array_73 =[[7,9,8,6,5,3,1,2,4,x,x,x]
[4,1,2,7,9,8,3,5,6,x,x,x]
[6,3,5,2,4,1,7,8,9,x,x,x]
[3,6,7,8,2,9,5,4,1,6,3,7]
[5,8,9,3,1,4,6,7,2,8,5,9]
[1,2,4,5,6,7,8,9,3,2,1,4]
[8,4,3,9,7,6,2,1,5,4,8,3]
[9,5,6,1,8,2,4,3,7,5,9,6]
[2,7,1,4,3,5,9,6,8,1,7,2]
[x,x,x,7,5,3,1,2,4,9,6,8]
[x,x,x,2,9,8,3,5,6,7,4,1]
[x,x,x,6,4,1,7,8,9,3,2,5]]

array_74 =[[6,7,9,2,8,4,3,5,1,x,x,x]
[2,4,5,1,6,3,7,8,9,x,x,x]
[1,3,8,7,9,5,4,6,2,x,x,x]
[5,2,1,6,3,7,8,9,4,1,5,2]
[9,8,4,5,2,1,6,7,3,4,9,8]
[7,6,3,8,4,9,1,2,5,3,6,7]
[8,9,6,3,1,2,5,4,7,6,8,9]
[4,1,7,9,5,6,2,3,8,7,1,4]
[3,5,2,4,7,8,9,1,6,2,3,5]
[x,x,x,1,8,3,7,5,2,9,4,6]
[x,x,x,2,6,4,3,8,9,5,7,1]
[x,x,x,7,9,5,4,6,1,8,2,3]]

array_75 =[[9,7,8,2,3,6,4,5,1,x,x,x]
[5,3,4,8,9,1,6,7,2,x,x,x]
[6,1,2,5,7,4,8,9,3,x,x,x]
[1,2,5,7,6,3,9,8,4,2,5,1]
[3,4,6,9,8,5,1,2,7,4,6,3]
[7,8,9,1,4,2,3,6,5,8,9,7]
[8,9,1,3,2,7,5,4,6,9,1,8]
[2,6,3,4,5,8,7,1,9,6,3,2]
[4,5,7,6,1,9,2,3,8,5,7,4]
[x,x,x,8,9,1,6,7,2,3,4,5]
[x,x,x,2,3,6,4,5,1,7,8,9]
[x,x,x,5,7,4,8,9,3,1,2,6]]

array_76 =[[6,9,2,8,4,5,3,1,7,x,x,x]
[5,8,7,1,2,3,4,6,9,x,x,x]
[3,4,1,9,6,7,5,2,8,x,x,x]
[4,6,5,2,8,9,7,3,1,5,4,6]
[1,3,9,7,5,6,8,4,2,1,3,9]
[7,2,8,3,1,4,9,5,6,7,8,2]
[9,7,6,4,3,1,2,8,5,9,6,7]
[8,1,4,5,7,2,6,9,3,4,1,8]
[2,5,3,6,9,8,1,7,4,3,2,5]
[x,x,x,8,4,5,3,2,9,6,7,1]
[x,x,x,1,2,3,5,6,7,8,9,4]
[x,x,x,9,6,7,4,1,8,2,5,3]]

array_77 =[[9,5,3,6,4,8,7,2,1,x,x,x]
[6,2,1,5,7,9,8,4,3,x,x,x]
[8,7,4,2,1,3,9,5,6,x,x,x]
[4,6,2,9,3,7,5,1,8,2,6,4]
[5,9,7,8,6,1,4,3,2,9,5,7]
[3,1,8,4,2,5,6,7,9,8,3,1]
[1,3,6,7,9,4,2,8,5,3,1,6]
[2,4,5,1,8,6,3,9,7,4,2,5]
[7,8,9,3,5,2,1,6,4,7,8,9]
[x,x,x,6,1,9,8,4,3,5,7,2]
[x,x,x,5,4,3,7,2,1,6,9,8]
[x,x,x,2,7,8,9,5,6,1,4,3]]

array_78 =[[4,3,1,7,8,2,9,6,5,x,x,x]
[6,8,5,9,1,3,7,4,2,x,x,x]
[7,9,2,5,4,6,3,8,1,x,x,x]
[3,1,7,8,9,4,2,5,6,3,7,1]
[5,4,8,2,6,7,1,3,9,4,8,5]
[2,6,9,1,3,5,4,7,8,6,9,2]
[8,2,3,4,5,9,6,1,7,8,2,3]
[9,5,4,6,7,1,8,2,3,9,5,4]
[1,7,6,3,2,8,5,9,4,7,1,6]
[x,x,x,5,4,6,9,8,2,1,3,7]
[x,x,x,9,1,3,7,6,5,2,4,8]
[x,x,x,7,8,2,3,4,1,5,6,9]]

array_79 =[[8,9,6,7,2,4,1,3,5,x,x,x]
[5,4,3,9,8,1,2,6,7,x,x,x]
[7,2,1,3,5,6,4,9,8,x,x,x]
[9,1,8,6,3,2,5,7,4,9,8,1]
[4,6,5,8,9,7,3,2,1,5,6,4]
[3,7,2,4,1,5,9,8,6,7,2,3]
[2,3,4,5,7,8,6,1,9,3,4,2]
[6,8,9,1,4,3,7,5,2,8,9,6]
[1,5,7,2,6,9,8,4,3,1,7,5]
[x,x,x,9,5,6,2,3,7,4,1,8]
[x,x,x,7,8,4,1,6,5,2,3,9]
[x,x,x,3,2,1,4,9,8,6,5,7]]

array_80 =[[9,4,5,6,3,8,7,2,1,x,x,x]
[7,2,6,9,5,1,8,4,3,x,x,x]
[8,1,3,4,7,2,9,5,6,x,x,x]
[6,9,2,8,1,4,3,7,5,9,6,2]
[3,5,8,7,9,6,4,1,2,5,8,3]
[4,7,1,5,2,3,6,9,8,1,4,7]
[1,8,9,3,4,5,2,6,7,8,9,1]
[5,6,7,2,8,9,1,3,4,6,7,5]
[2,3,4,1,6,7,5,8,9,2,3,4]
[x,x,x,9,3,8,7,2,1,4,5,6]
[x,x,x,6,5,2,8,4,3,7,1,9]
[x,x,x,4,7,1,9,5,6,3,2,8]]

array_81 =[[7,6,3,4,5,1,8,2,9,x,x,x]
[5,9,1,8,6,2,4,3,7,x,x,x]
[8,4,2,9,7,3,5,1,6,x,x,x]
[3,8,5,2,1,6,7,9,4,8,5,3]
[9,1,6,5,4,7,2,8,3,6,9,1]
[4,2,7,3,9,8,6,5,1,4,7,2]
[2,5,9,6,3,4,1,7,8,9,2,5]
[1,3,4,7,8,5,9,6,2,3,1,4]
[6,7,8,1,2,9,3,4,5,7,8,6]
[x,x,x,8,6,1,4,2,7,5,3,9]
[x,x,x,9,7,3,5,1,6,2,4,8]
[x,x,x,4,5,2,8,3,9,1,6,7]]

array_82 =[[9,7,3,6,5,8,4,1,2,x,x,x]
[5,2,4,1,7,9,8,3,6,x,x,x]
[8,1,6,2,3,4,9,5,7,x,x,x]
[2,5,8,9,1,6,3,7,4,5,2,8]
[1,6,7,3,4,2,5,9,8,1,6,7]
[3,4,9,7,8,5,2,6,1,9,4,3]
[7,9,1,8,2,3,6,4,5,7,1,9]
[6,8,5,4,9,7,1,2,3,8,5,6]
[4,3,2,5,6,1,7,8,9,2,3,4]
[x,x,x,2,5,9,8,3,6,4,7,1]
[x,x,x,6,7,8,4,1,2,3,9,5]
[x,x,x,1,3,4,9,5,7,6,8,2]]

array_83 =[[5,3,6,9,8,7,4,2,1,x,x,x]
[9,1,7,6,2,4,8,5,3,x,x,x]
[2,4,8,3,5,1,9,6,7,x,x,x]
[3,6,5,7,4,9,2,1,8,3,5,6]
[8,7,9,2,1,3,5,4,6,7,8,9]
[1,2,4,5,6,8,7,3,9,1,2,4]
[4,5,3,8,9,6,1,7,2,5,4,3]
[6,9,2,1,7,5,3,8,4,6,9,2]
[7,8,1,4,3,2,6,9,5,8,7,1]
[x,x,x,6,5,7,4,2,1,9,3,8]
[x,x,x,9,2,1,8,5,3,4,6,7]
[x,x,x,3,8,4,9,6,7,2,1,5]]

array_84 =[[4,3,6,5,2,1,7,8,9,x,x,x]
[7,9,2,8,6,3,1,5,4,x,x,x]
[1,8,5,9,7,4,3,6,2,x,x,x]
[8,1,9,2,4,6,5,7,3,8,1,9]
[6,5,7,3,8,9,2,4,1,5,6,7]
[2,4,3,1,5,7,8,9,6,3,2,4]
[9,7,1,6,3,5,4,2,8,9,7,1]
[3,2,4,7,9,8,6,1,5,2,4,3]
[5,6,8,4,1,2,9,3,7,6,5,8]
[x,x,x,8,6,3,1,5,4,7,9,2]
[x,x,x,9,7,4,3,6,2,1,8,5]
[x,x,x,5,2,1,7,8,9,4,3,6]]

array_85 =[[1,2,5,6,3,8,4,9,7,x,x,x]
[4,7,9,5,2,1,3,8,6,x,x,x]
[6,8,3,7,4,9,5,1,2,x,x,x]
[3,6,1,8,7,2,9,4,5,6,3,1]
[2,4,7,9,1,5,8,6,3,7,4,2]
[9,5,8,3,6,4,7,2,1,8,5,9]
[8,1,2,4,5,3,6,7,9,1,2,8]
[7,3,4,1,9,6,2,5,8,4,7,3]
[5,9,6,2,8,7,1,3,4,5,9,6]
[x,x,x,7,3,1,5,8,2,9,6,4]
[x,x,x,6,2,8,4,9,7,3,1,5]
[x,x,x,5,4,9,3,1,6,2,8,7]]

array_86 =[[9,8,1,5,7,2,4,6,3,x,x,x]
[5,2,6,3,1,4,8,9,7,x,x,x]
[7,3,4,6,9,8,5,1,2,x,x,x]
[3,9,2,4,5,1,7,8,6,3,2,9]
[1,6,8,7,2,3,9,4,5,1,8,6]
[4,7,5,9,8,6,3,2,1,5,4,7]
[8,5,9,1,6,7,2,3,4,9,5,8]
[6,4,7,2,3,9,1,5,8,7,6,4]
[2,1,3,8,4,5,6,7,9,2,1,3]
[x,x,x,3,1,2,4,6,7,8,9,5]
[x,x,x,5,7,4,8,9,2,6,3,1]
[x,x,x,6,9,8,5,1,3,4,7,2]]

array_87 =[[3,5,4,2,8,6,9,7,1,x,x,x]
[6,1,2,9,3,7,4,8,5,x,x,x]
[7,9,8,4,5,1,6,3,2,x,x,x]
[9,4,6,7,1,8,2,5,3,9,4,6]
[8,2,1,3,4,5,7,9,6,1,2,8]
[5,7,3,6,2,9,1,4,8,7,3,5]
[4,8,9,5,6,2,3,1,7,8,9,4]
[1,6,7,8,9,3,5,2,4,6,7,1]
[2,3,5,1,7,4,8,6,9,3,5,2]
[x,x,x,9,5,1,6,7,2,4,8,3]
[x,x,x,2,8,7,4,3,1,5,6,9]
[x,x,x,4,3,6,9,8,5,2,1,7]]

array_88 =[[7,6,4,1,5,2,3,8,9,x,x,x]
[9,2,1,3,6,8,7,4,5,x,x,x]
[8,5,3,4,7,9,1,2,6,x,x,x]
[1,4,8,7,9,3,5,6,2,8,4,1]
[2,3,5,6,8,1,4,9,7,3,5,2]
[6,7,9,5,2,4,8,1,3,9,7,6]
[3,1,6,2,4,5,9,7,8,1,6,3]
[5,8,2,9,1,7,6,3,4,2,8,5]
[4,9,7,8,3,6,2,5,1,4,9,7]
[x,x,x,3,6,2,7,8,9,5,1,4]
[x,x,x,1,7,9,3,4,5,6,2,8]
[x,x,x,4,5,8,1,2,6,7,3,9]]

array_89 =[[7,2,8,3,4,1,5,9,6,x,x,x]
[9,6,4,7,5,2,8,1,3,x,x,x]
[1,5,3,9,8,6,7,4,2,x,x,x]
[3,8,6,2,1,7,9,5,4,8,6,3]
[5,9,2,4,3,8,6,7,1,5,2,9]
[4,7,1,5,6,9,2,3,8,1,7,4]
[8,4,9,1,2,5,3,6,7,4,9,8]
[2,1,5,6,7,3,4,8,9,2,1,5]
[6,3,7,8,9,4,1,2,5,6,3,7]
[x,x,x,3,4,1,5,9,6,7,8,2]
[x,x,x,7,5,2,8,1,3,9,4,6]
[x,x,x,9,8,6,7,4,2,3,5,1]]

array_90 =[[5,2,1,9,3,4,7,8,6,x,x,x]
[7,3,6,5,8,2,4,9,1,x,x,x]
[9,4,8,7,6,1,5,3,2,x,x,x]
[1,7,2,3,4,5,8,6,9,2,7,1]
[3,5,4,8,9,6,2,1,7,3,4,5]
[8,6,9,2,1,7,3,5,4,6,9,8]
[2,1,3,6,7,8,9,4,5,1,2,3]
[6,8,7,4,5,9,1,2,3,8,6,7]
[4,9,5,1,2,3,6,7,8,4,5,9]
[x,x,x,9,3,4,7,8,6,5,1,2]
[x,x,x,5,8,2,4,9,1,7,3,6]
[x,x,x,7,6,1,5,3,2,9,8,4]]

array_91 =[[1,3,5,7,8,9,6,2,4,x,x,x]
[2,9,4,1,3,6,8,5,7,x,x,x]
[6,7,8,5,2,4,3,1,9,x,x,x]
[7,5,2,6,9,3,4,8,1,7,5,2]
[9,4,3,8,1,7,5,6,2,9,4,3]
[8,1,6,2,4,5,9,7,3,1,8,6]
[4,2,7,9,6,8,1,3,5,2,7,4]
[5,8,9,3,7,1,2,4,6,5,9,8]
[3,6,1,4,5,2,7,9,8,3,6,1]
[x,x,x,1,2,4,6,5,7,8,3,9]
[x,x,x,5,8,9,3,2,4,6,1,7]
[x,x,x,7,3,6,8,1,9,4,2,5]]

array_92 =[[9,8,2,3,1,6,5,7,4,x,x,x]
[6,5,4,7,8,9,1,3,2,x,x,x]
[1,7,3,4,5,2,8,9,6,x,x,x]
[3,4,9,6,7,8,2,5,1,4,9,3]
[8,1,7,9,2,5,4,6,3,7,8,1]
[5,2,6,1,4,3,9,8,7,6,2,5]
[4,6,1,8,9,7,3,2,5,1,4,6]
[7,9,5,2,3,1,6,4,8,5,7,9]
[2,3,8,5,6,4,7,1,9,2,3,8]
[x,x,x,7,8,6,5,3,4,9,1,2]
[x,x,x,3,5,9,1,7,2,8,6,4]
[x,x,x,4,1,2,8,9,6,3,5,7]]

array_93 =[[8,5,6,9,3,4,2,1,7,x,x,x]
[9,1,7,6,5,2,3,4,8,x,x,x]
[4,2,3,7,8,1,6,5,9,x,x,x]
[7,9,1,3,4,8,5,6,2,1,7,9]
[5,6,8,1,2,9,4,7,3,5,6,8]
[3,4,2,5,6,7,8,9,1,2,3,4]
[6,7,4,8,9,3,1,2,5,6,4,7]
[2,8,9,4,1,5,7,3,6,8,9,2]
[1,3,5,2,7,6,9,8,4,3,1,5]
[x,x,x,6,8,4,2,1,7,9,5,3]
[x,x,x,9,5,1,3,4,8,7,2,6]
[x,x,x,7,3,2,6,5,9,4,8,1]]

array_94 =[[9,4,3,5,6,8,2,1,7,x,x,x]
[5,1,6,7,2,9,4,3,8,x,x,x]
[8,7,2,4,1,3,5,6,9,x,x,x]
[2,8,9,1,7,4,3,5,6,2,8,9]
[4,6,7,3,9,5,8,2,1,4,6,7]
[1,3,5,6,8,2,7,9,4,1,3,5]
[7,9,4,2,3,1,6,8,5,9,7,4]
[3,5,1,8,4,6,9,7,2,5,1,3]
[6,2,8,9,5,7,1,4,3,8,2,6]
[x,x,x,5,2,8,4,3,7,6,9,1]
[x,x,x,4,1,3,2,6,9,7,5,8]
[x,x,x,7,6,9,5,1,8,3,4,2]]

array_95 =[[2,1,6,5,4,7,8,9,3,x,x,x]
[3,4,8,9,6,1,7,2,5,x,x,x]
[7,5,9,3,8,2,6,4,1,x,x,x]
[4,9,2,8,3,5,1,6,7,4,2,9]
[6,7,3,1,2,4,5,8,9,6,3,7]
[5,8,1,6,7,9,2,3,4,5,1,8]
[1,2,4,7,9,8,3,5,6,1,4,2]
[9,6,5,2,1,3,4,7,8,9,6,5]
[8,3,7,4,5,6,9,1,2,8,7,3]
[x,x,x,3,8,2,6,9,1,7,5,4]
[x,x,x,9,4,1,7,2,5,3,8,6]
[x,x,x,5,6,7,8,4,3,2,9,1]]

array_96 =[[3,1,7,2,9,5,8,4,6,x,x,x]
[4,2,8,6,1,7,3,9,5,x,x,x]
[5,6,9,4,8,3,2,1,7,x,x,x]
[1,3,2,7,5,6,9,8,4,3,2,1]
[8,4,6,9,3,1,7,5,2,6,8,4]
[9,7,5,8,4,2,6,3,1,7,9,5]
[2,5,1,3,6,8,4,7,9,5,1,2]
[6,8,4,5,7,9,1,2,3,8,4,6]
[7,9,3,1,2,4,5,6,8,9,3,7]
[x,x,x,6,9,3,2,4,7,1,5,8]
[x,x,x,4,8,7,3,1,5,2,6,9]
[x,x,x,2,1,5,8,9,6,4,7,3]]

array_97 =[[8,9,3,6,2,4,5,7,1,x,x,x]
[2,4,6,5,1,7,3,9,8,x,x,x]
[5,7,1,9,3,8,6,2,4,x,x,x]
[1,2,5,8,7,9,4,3,6,1,2,5]
[3,8,9,1,4,6,2,5,7,3,8,9]
[4,6,7,2,5,3,1,8,9,4,6,7]
[9,5,8,3,6,1,7,4,2,5,9,8]
[7,1,2,4,8,5,9,6,3,2,7,1]
[6,3,4,7,9,2,8,1,5,6,3,4]
[x,x,x,5,1,7,3,2,8,9,4,6]
[x,x,x,6,2,8,5,9,4,7,1,3]
[x,x,x,9,3,4,6,7,1,8,5,2]]

array_98 =[[7,6,2,3,1,9,5,8,4,x,x,x]
[8,1,3,5,2,4,7,9,6,x,x,x]
[9,4,5,7,8,6,1,2,3,x,x,x]
[6,7,8,1,3,2,4,5,9,6,7,8]
[1,5,9,6,4,7,8,3,2,9,1,5]
[2,3,4,9,5,8,6,7,1,2,4,3]
[3,8,7,2,6,1,9,4,5,8,3,7]
[5,9,1,4,7,3,2,6,8,1,5,9]
[4,2,6,8,9,5,3,1,7,4,2,6]
[x,x,x,3,2,4,7,9,6,5,8,1]
[x,x,x,7,1,9,5,8,4,3,6,2]
[x,x,x,5,8,6,1,2,3,7,9,4]]

array_99 =[[9,4,6,3,1,2,7,8,5,x,x,x]
[8,1,2,4,5,7,3,9,6,x,x,x]
[7,3,5,6,9,8,4,1,2,x,x,x]
[6,9,4,5,2,1,8,7,3,4,9,6]
[3,8,1,7,6,4,5,2,9,3,8,1]
[2,5,7,9,8,3,6,4,1,5,7,2]
[4,7,9,2,3,6,1,5,8,7,4,9]
[5,6,8,1,7,9,2,3,4,6,5,8]
[1,2,3,8,4,5,9,6,7,2,1,3]
[x,x,x,6,1,2,4,8,5,9,3,7]
[x,x,x,4,9,7,3,1,2,8,6,5]
[x,x,x,3,5,8,7,9,6,1,2,4]]

array_100 =[[2,6,1,9,5,3,8,4,7,x,x,x]
[5,8,3,7,2,4,6,1,9,x,x,x]
[7,9,4,8,6,1,3,5,2,x,x,x]
[6,2,9,1,3,7,5,8,4,6,2,9]
[4,7,5,6,8,9,1,2,3,5,4,7]
[3,1,8,2,4,5,7,9,6,3,1,8]
[1,3,2,4,7,8,9,6,5,1,3,2]
[8,4,7,5,9,6,2,3,1,8,7,4]
[9,5,6,3,1,2,4,7,8,9,6,5]
[x,x,x,9,6,3,8,4,7,2,5,1]
[x,x,x,7,2,1,6,5,9,4,8,3]
[x,x,x,8,5,4,3,1,2,7,9,6]]

array_101 =[[3,1,6,5,9,7,2,8,4,x,x,x]
[5,2,8,1,6,4,7,3,9,x,x,x]
[7,4,9,8,3,2,1,5,6,x,x,x]
[2,3,1,6,7,5,4,9,8,2,1,3]
[6,7,4,9,8,3,5,1,2,6,7,4]
[8,9,5,2,4,1,3,6,7,8,9,5]
[1,6,2,4,5,8,9,7,3,1,2,6]
[9,5,7,3,2,6,8,4,1,9,5,7]
[4,8,3,7,1,9,6,2,5,4,3,8]
[x,x,x,8,9,7,1,3,4,5,6,2]
[x,x,x,1,3,4,2,5,6,7,8,9]
[x,x,x,5,6,2,7,8,9,3,4,1]]

array_102 =[[5,2,4,1,6,3,8,9,7,x,x,x]
[9,8,1,2,7,4,5,6,3,x,x,x]
[7,6,3,5,8,9,4,2,1,x,x,x]
[6,9,7,4,2,1,3,5,8,9,6,7]
[8,1,2,6,3,5,9,7,4,8,1,2]
[3,4,5,7,9,8,6,1,2,5,4,3]
[1,7,8,9,4,6,2,3,5,1,7,8]
[4,5,6,3,1,2,7,8,9,4,5,6]
[2,3,9,8,5,7,1,4,6,2,3,9]
[x,x,x,1,8,3,4,2,7,6,9,5]
[x,x,x,2,6,4,5,9,3,7,8,1]
[x,x,x,5,7,9,8,6,1,3,2,4]]

array_103 =[[8,7,3,4,5,9,2,6,1,x,x,x]
[9,5,1,8,6,2,4,7,3,x,x,x]
[6,2,4,7,1,3,8,9,5,x,x,x]
[5,9,8,1,2,6,7,3,4,9,5,8]
[4,3,6,9,7,8,5,1,2,3,4,6]
[7,1,2,3,4,5,9,8,6,1,7,2]
[1,8,9,2,3,4,6,5,7,8,1,9]
[2,6,7,5,9,1,3,4,8,6,2,7]
[3,4,5,6,8,7,1,2,9,4,3,5]
[x,x,x,4,6,9,2,7,1,5,8,3]
[x,x,x,8,5,2,4,6,3,7,9,1]
[x,x,x,7,1,3,8,9,5,2,6,4]]

array_104 =[[2,5,1,8,4,3,9,6,7,x,x,x]
[6,7,3,2,9,1,8,4,5,x,x,x]
[8,9,4,5,6,7,2,1,3,x,x,x]
[4,2,6,7,1,8,3,5,9,6,2,4]
[7,3,8,6,5,9,1,2,4,7,3,8]
[5,1,9,3,2,4,6,7,8,9,5,1]
[9,8,2,4,7,6,5,3,1,2,8,9]
[3,6,7,1,8,5,4,9,2,3,7,6]
[1,4,5,9,3,2,7,8,6,1,4,5]
[x,x,x,5,4,3,9,6,7,8,1,2]
[x,x,x,2,9,7,8,1,5,4,6,3]
[x,x,x,8,6,1,2,4,3,5,9,7]]

array_105 =[[9,1,2,7,8,3,5,4,6,x,x,x]
[5,6,3,2,1,4,9,7,8,x,x,x]
[8,4,7,6,5,9,2,1,3,x,x,x]
[1,2,4,8,9,5,3,6,7,1,2,4]
[7,8,9,3,6,1,4,2,5,7,8,9]
[3,5,6,4,7,2,1,8,9,3,5,6]
[4,9,8,5,2,7,6,3,1,4,9,8]
[6,3,1,9,4,8,7,5,2,6,1,3]
[2,7,5,1,3,6,8,9,4,5,7,2]
[x,x,x,2,8,4,5,1,3,9,6,7]
[x,x,x,7,1,9,2,4,6,8,3,5]
[x,x,x,6,5,3,9,7,8,2,4,1]]

array_106 =[[3,1,7,9,6,2,8,5,4,x,x,x]
[4,2,8,7,1,5,3,9,6,x,x,x]
[5,6,9,8,3,4,2,7,1,x,x,x]
[7,4,1,6,9,8,5,2,3,7,1,4]
[2,3,5,4,7,1,6,8,9,2,5,3]
[9,8,6,5,2,3,1,4,7,6,9,8]
[8,9,4,1,5,6,7,3,2,4,8,9]
[1,5,2,3,4,7,9,6,8,1,2,5]
[6,7,3,2,8,9,4,1,5,3,6,7]
[x,x,x,8,3,4,2,5,1,9,7,6]
[x,x,x,9,6,2,8,7,4,5,3,1]
[x,x,x,7,1,5,3,9,6,8,4,2]]

array_107 =[[5,6,3,7,4,2,8,9,1,x,x,x]
[4,2,1,9,8,6,5,7,3,x,x,x]
[8,9,7,3,5,1,4,6,2,x,x,x]
[1,5,8,6,9,4,2,3,7,5,1,8]
[2,3,4,1,7,5,6,8,9,2,3,4]
[6,7,9,2,3,8,1,5,4,6,9,7]
[7,8,2,4,6,9,3,1,5,8,7,2]
[9,1,5,8,2,3,7,4,6,9,5,1]
[3,4,6,5,1,7,9,2,8,4,6,3]
[x,x,x,7,5,1,8,9,2,3,4,6]
[x,x,x,3,4,2,5,6,1,7,8,9]
[x,x,x,9,8,6,4,7,3,1,2,5]]

array_108 =[[2,5,7,8,9,4,1,3,6,x,x,x]
[1,6,3,7,2,5,8,4,9,x,x,x]
[4,8,9,6,3,1,2,7,5,x,x,x]
[9,4,1,2,8,6,7,5,3,1,4,9]
[8,7,6,9,5,3,4,2,1,6,7,8]
[3,2,5,4,1,7,9,6,8,3,5,2]
[6,3,4,1,7,9,5,8,2,4,6,3]
[5,1,2,3,4,8,6,9,7,5,2,1]
[7,9,8,5,6,2,3,1,4,8,9,7]
[x,x,x,7,2,4,1,3,5,9,8,6]
[x,x,x,8,9,1,2,4,6,7,3,5]
[x,x,x,6,3,5,8,7,9,2,1,4]]

n = 109